TITLE : Cables to test STAP90
        (14:42:8 on June 10, 2019, Monday)

C O N T R O L   I N F O R M A T I O N

      NUMBER OF NODAL POINTS . . . . . . . . . . (NUMNP)  =    25
      NUMBER OF ELEMENT GROUPS . . . . . . . . . (NUMEG)  =     1
      NUMBER OF LOAD CASES . . . . . . . . . . . (NLCASE) =     1
      SOLUTION MODE  . . . . . . . . . . . . . . (MODEX)  =     1
         EQ.0, DATA CHECK
         EQ.1, EXECUTION

 N O D A L   P O I N T   D A T A

    NODE       BOUNDARY                          NODAL POINT
   NUMBER   CONDITION  CODES                     COORDINATES
        1    1    1    1       0.00000e+00    0.00000e+00    0.00000e+00
        2    1    1    0       5.00000e-01    0.00000e+00    0.00000e+00
        3    1    1    0       1.00000e+00    0.00000e+00    0.00000e+00
        4    1    1    0       1.50000e+00    0.00000e+00    0.00000e+00
        5    1    1    1       2.00000e+00    0.00000e+00    0.00000e+00
        6    1    1    0       0.00000e+00    5.00000e-01    0.00000e+00
        7    1    1    0       5.00000e-01    5.00000e-01    0.00000e+00
        8    1    1    0       1.00000e+00    5.00000e-01    0.00000e+00
        9    1    1    0       1.50000e+00    5.00000e-01    0.00000e+00
       10    1    1    0       2.00000e+00    5.00000e-01    0.00000e+00
       11    1    1    0       0.00000e+00    1.00000e+00    0.00000e+00
       12    1    1    0       5.00000e-01    1.00000e+00    0.00000e+00
       13    1    1    0       1.00000e+00    1.00000e+00    0.00000e+00
       14    1    1    0       1.50000e+00    1.00000e+00    0.00000e+00
       15    1    1    0       2.00000e+00    1.00000e+00    0.00000e+00
       16    1    1    0       0.00000e+00    1.50000e+00    0.00000e+00
       17    1    1    0       5.00000e-01    1.50000e+00    0.00000e+00
       18    1    1    0       1.00000e+00    1.50000e+00    0.00000e+00
       19    1    1    0       1.50000e+00    1.50000e+00    0.00000e+00
       20    1    1    0       2.00000e+00    1.50000e+00    0.00000e+00
       21    1    1    1       0.00000e+00    2.00000e+00    0.00000e+00
       22    1    1    0       5.00000e-01    2.00000e+00    0.00000e+00
       23    1    1    0       1.00000e+00    2.00000e+00    0.00000e+00
       24    1    1    0       1.50000e+00    2.00000e+00    0.00000e+00
       25    1    1    1       2.00000e+00    2.00000e+00    0.00000e+00

 L O A D   C A S E   D A T A

     LOAD CASE NUMBER . . . . . . . =     1
     NUMBER OF CONCENTRATED LOADS . =     1

    NODE       DIRECTION      LOAD
   NUMBER                   MAGNITUDE
     13            3       -1.00000e+05

 E L E M E N T   G R O U P   D A T A


 E L E M E N T   D E F I N I T I O N

 ELEMENT TYPE  . . . . . . . . . . . . .( NPAR(1) ) . . =    7
     EQ.1, TRUSS ELEMENTS
     EQ.2, ELEMENTS CURRENTLY
     EQ.3, NOT AVAILABLE

 NUMBER OF ELEMENTS. . . . . . . . . . .( NPAR(2) ) . . =   16

 M A T E R I A L   D E F I N I T I O N

 NUMBER OF DIFFERENT SETS OF MATERIAL
 AND CROSS-SECTIONAL  CONSTANTS  . . . .( NPAR(3) ) . . =    1

  SET       YOUNG'S   ELASTIC CONSTANTS      PLANE
 NUMBER     MODULUS         POISSON          THICKNESS
               E            poisson            thick   
    1     3.00000e+07     3.00000e-01     1.00000e+00     0.00000e+00


 E L E M E N T   I N F O R M A T I O N
 ELEMENT     NODE     NODE     NODE     NODE       MATERIAL
 NUMBER-N      I        J        K        L       SET NUMBER
    1          1        2        7        6           1
    2          2        3        8        7           1
    3          3        4        9        8           1
    4          4        5       10        9           1
    5          6        7       12       11           1
    6          7        8       13       12           1
    7          8        9       14       13           1
    8          9       10       15       14           1
    9         11       12       17       16           1
   10         12       13       18       17           1
   11         13       14       19       18           1
   12         14       15       20       19           1
   13         16       17       22       21           1
   14         17       18       23       22           1
   15         18       19       24       23           1
   16         19       20       25       24           1

 EQUATION NUMBERS

   NODE NUMBER                     DEGREES OF FREEDOM
        N              X        Y        Z      sitax     sitay     sitaz
        1                0         0         0         0         0         0
        2                0         0         1         2         3         0
        3                0         0         4         5         6         0
        4                0         0         7         8         9         0
        5                0         0         0         0         0         0
        6                0         0        10        11        12         0
        7                0         0        13        14        15         0
        8                0         0        16        17        18         0
        9                0         0        19        20        21         0
       10                0         0        22        23        24         0
       11                0         0        25        26        27         0
       12                0         0        28        29        30         0
       13                0         0        31        32        33         0
       14                0         0        34        35        36         0
       15                0         0        37        38        39         0
       16                0         0        40        41        42         0
       17                0         0        43        44        45         0
       18                0         0        46        47        48         0
       19                0         0        49        50        51         0
       20                0         0        52        53        54         0
       21                0         0         0         0         0         0
       22                0         0        55        56        57         0
       23                0         0        58        59        60         0
       24                0         0        61        62        63         0
       25                0         0         0         0         0         0

	TOTAL SYSTEM DATA

     NUMBER OF EQUATIONS . . . . . . . . . . . . . .(NEQ) = 63
     NUMBER OF MATRIX ELEMENTS . . . . . . . . . . .(NWK) = 999
     MAXIMUM HALF BANDWIDTH  . . . . . . . . . . . .(MK ) = 21
     MEAN HALF BANDWIDTH . . . . . . . . . . . . . .(MM ) = 15


 LOAD CASE    1


 D I S P L A C E M E N T S

  NODE           X-DISPLACEMENT    Y-DISPLACEMENT    Z-DISPLACEMENT     X-ROTATION     Y-ROTATION     Z-ROTATION
    1               0.00000e+00       0.00000e+00       0.00000e+00       0.00000e+00       0.00000e+00       0.00000e+00
    2               0.00000e+00       0.00000e+00      -6.89373e-04      -2.43738e-03       1.66242e-03       0.00000e+00
    3               0.00000e+00       0.00000e+00      -1.17320e-03      -2.06241e-03       1.08420e-19       0.00000e+00
    4               0.00000e+00       0.00000e+00      -6.89373e-04      -2.43738e-03      -1.66242e-03       0.00000e+00
    5               0.00000e+00       0.00000e+00       0.00000e+00       0.00000e+00       0.00000e+00       0.00000e+00
    6               0.00000e+00       0.00000e+00      -6.89373e-04      -1.66242e-03       2.43738e-03       0.00000e+00
    7               0.00000e+00       0.00000e+00      -1.76739e-03      -1.90073e-03       1.90073e-03       0.00000e+00
    8               0.00000e+00       0.00000e+00      -2.30761e-03      -2.24535e-03       1.30104e-18       0.00000e+00
    9               0.00000e+00       0.00000e+00      -1.76739e-03      -1.90073e-03      -1.90073e-03       0.00000e+00
   10               0.00000e+00       0.00000e+00      -6.89373e-04      -1.66242e-03      -2.43738e-03       0.00000e+00
   11               0.00000e+00       0.00000e+00      -1.17320e-03      -1.02999e-18       2.06241e-03       0.00000e+00
   12               0.00000e+00       0.00000e+00      -2.30761e-03       7.04731e-19       2.24535e-03       0.00000e+00
   13               0.00000e+00       0.00000e+00      -3.05920e-03       7.31792e-18       4.33681e-19       0.00000e+00
   14               0.00000e+00       0.00000e+00      -2.30761e-03       3.79471e-18      -2.24535e-03       0.00000e+00
   15               0.00000e+00       0.00000e+00      -1.17320e-03       1.00289e-18      -2.06241e-03       0.00000e+00
   16               0.00000e+00       0.00000e+00      -6.89373e-04       1.66242e-03       2.43738e-03       0.00000e+00
   17               0.00000e+00       0.00000e+00      -1.76739e-03       1.90073e-03       1.90073e-03       0.00000e+00
   18               0.00000e+00       0.00000e+00      -2.30761e-03       2.24535e-03      -1.73472e-18       0.00000e+00
   19               0.00000e+00       0.00000e+00      -1.76739e-03       1.90073e-03      -1.90073e-03       0.00000e+00
   20               0.00000e+00       0.00000e+00      -6.89373e-04       1.66242e-03      -2.43738e-03       0.00000e+00
   21               0.00000e+00       0.00000e+00       0.00000e+00       0.00000e+00       0.00000e+00       0.00000e+00
   22               0.00000e+00       0.00000e+00      -6.89373e-04       2.43738e-03       1.66242e-03       0.00000e+00
   23               0.00000e+00       0.00000e+00      -1.17320e-03       2.06241e-03      -1.08420e-18       0.00000e+00
   24               0.00000e+00       0.00000e+00      -6.89373e-04       2.43738e-03      -1.66242e-03       0.00000e+00
   25               0.00000e+00       0.00000e+00       0.00000e+00       0.00000e+00       0.00000e+00       0.00000e+00

 S T R E S S  C A L C U L A T I O N S  F O R  E L E M E N T  G R O U P    1

 ELEMENT NUMBER :    1
 GAUSS POINT   DEGREES    OF    FREEDOM     BENDING MOMENT   BENDING MOMENT    BENDING MOMENT
   NUMBER         X                Y                X                Y                 XY 
    1       1.05662e-01       1.05662e-01       1.15032e+05       1.15032e+05       4.72368e+04
    2       1.05662e-01       3.94338e-01       6.81559e+03      -6.61561e+03       1.79376e+04
    3       3.94338e-01       1.05662e-01      -6.61561e+03       6.81559e+03       1.79376e+04
    4       3.94338e-01       3.94338e-01      -1.87376e+04      -1.87376e+04      -1.13616e+04
 ELEMENT NUMBER :    2
 GAUSS POINT   DEGREES    OF    FREEDOM     BENDING MOMENT   BENDING MOMENT    BENDING MOMENT
   NUMBER         X                Y                X                Y                 XY 
    1       6.05662e-01       1.05662e-01      -4.43604e+04      -2.33876e+04      -6.03323e+02
    2       6.05662e-01       3.94338e-01      -5.02773e+04      -2.80787e+04       8.98413e+03
    3       8.94338e-01       1.05662e-01      -6.85758e+04      -1.05108e+04      -3.77844e+03
    4       8.94338e-01       3.94338e-01      -7.87156e+04      -3.18243e+04       5.80901e+03
 ELEMENT NUMBER :    3
 GAUSS POINT   DEGREES    OF    FREEDOM     BENDING MOMENT   BENDING MOMENT    BENDING MOMENT
   NUMBER         X                Y                X                Y                 XY 
    1       1.10566e+00       1.05662e-01      -6.85758e+04      -1.05108e+04       3.77844e+03
    2       1.10566e+00       3.94338e-01      -7.87156e+04      -3.18243e+04      -5.80901e+03
    3       1.39434e+00       1.05662e-01      -4.43604e+04      -2.33876e+04       6.03323e+02
    4       1.39434e+00       3.94338e-01      -5.02773e+04      -2.80787e+04      -8.98413e+03
 ELEMENT NUMBER :    4
 GAUSS POINT   DEGREES    OF    FREEDOM     BENDING MOMENT   BENDING MOMENT    BENDING MOMENT
   NUMBER         X                Y                X                Y                 XY 
    1       1.60566e+00       1.05662e-01      -6.61561e+03       6.81559e+03      -1.79376e+04
    2       1.60566e+00       3.94338e-01      -1.87376e+04      -1.87376e+04       1.13616e+04
    3       1.89434e+00       1.05662e-01       1.15032e+05       1.15032e+05      -4.72368e+04
    4       1.89434e+00       3.94338e-01       6.81559e+03      -6.61561e+03      -1.79376e+04
 ELEMENT NUMBER :    5
 GAUSS POINT   DEGREES    OF    FREEDOM     BENDING MOMENT   BENDING MOMENT    BENDING MOMENT
   NUMBER         X                Y                X                Y                 XY 
    1       1.05662e-01       6.05662e-01      -2.33876e+04      -4.43604e+04      -6.03323e+02
    2       1.05662e-01       8.94338e-01      -1.05108e+04      -6.85758e+04      -3.77844e+03
    3       3.94338e-01       6.05662e-01      -2.80787e+04      -5.02773e+04       8.98413e+03
    4       3.94338e-01       8.94338e-01      -3.18243e+04      -7.87156e+04       5.80901e+03
 ELEMENT NUMBER :    6
 GAUSS POINT   DEGREES    OF    FREEDOM     BENDING MOMENT   BENDING MOMENT    BENDING MOMENT
   NUMBER         X                Y                X                Y                 XY 
    1       6.05662e-01       6.05662e-01      -5.74134e+04      -5.74134e+04       1.43471e+04
    2       6.05662e-01       8.94338e-01      -6.00000e+04      -9.62239e+04       9.75550e+03
    3       8.94338e-01       6.05662e-01      -9.62239e+04      -6.00000e+04       9.75550e+03
    4       8.94338e-01       8.94338e-01      -1.41741e+05      -1.41741e+05       5.16393e+03
 ELEMENT NUMBER :    7
 GAUSS POINT   DEGREES    OF    FREEDOM     BENDING MOMENT   BENDING MOMENT    BENDING MOMENT
   NUMBER         X                Y                X                Y                 XY 
    1       1.10566e+00       6.05662e-01      -9.62239e+04      -6.00000e+04      -9.75550e+03
    2       1.10566e+00       8.94338e-01      -1.41741e+05      -1.41741e+05      -5.16393e+03
    3       1.39434e+00       6.05662e-01      -5.74134e+04      -5.74134e+04      -1.43471e+04
    4       1.39434e+00       8.94338e-01      -6.00000e+04      -9.62239e+04      -9.75550e+03
 ELEMENT NUMBER :    8
 GAUSS POINT   DEGREES    OF    FREEDOM     BENDING MOMENT   BENDING MOMENT    BENDING MOMENT
   NUMBER         X                Y                X                Y                 XY 
    1       1.60566e+00       6.05662e-01      -2.80787e+04      -5.02773e+04      -8.98413e+03
    2       1.60566e+00       8.94338e-01      -3.18243e+04      -7.87156e+04      -5.80901e+03
    3       1.89434e+00       6.05662e-01      -2.33876e+04      -4.43604e+04       6.03323e+02
    4       1.89434e+00       8.94338e-01      -1.05108e+04      -6.85758e+04       3.77844e+03
 ELEMENT NUMBER :    9
 GAUSS POINT   DEGREES    OF    FREEDOM     BENDING MOMENT   BENDING MOMENT    BENDING MOMENT
   NUMBER         X                Y                X                Y                 XY 
    1       1.05662e-01       1.10566e+00      -1.05108e+04      -6.85758e+04       3.77844e+03
    2       1.05662e-01       1.39434e+00      -2.33876e+04      -4.43604e+04       6.03323e+02
    3       3.94338e-01       1.10566e+00      -3.18243e+04      -7.87156e+04      -5.80901e+03
    4       3.94338e-01       1.39434e+00      -2.80787e+04      -5.02773e+04      -8.98413e+03
 ELEMENT NUMBER :   10
 GAUSS POINT   DEGREES    OF    FREEDOM     BENDING MOMENT   BENDING MOMENT    BENDING MOMENT
   NUMBER         X                Y                X                Y                 XY 
    1       6.05662e-01       1.10566e+00      -6.00000e+04      -9.62239e+04      -9.75550e+03
    2       6.05662e-01       1.39434e+00      -5.74134e+04      -5.74134e+04      -1.43471e+04
    3       8.94338e-01       1.10566e+00      -1.41741e+05      -1.41741e+05      -5.16393e+03
    4       8.94338e-01       1.39434e+00      -9.62239e+04      -6.00000e+04      -9.75550e+03
 ELEMENT NUMBER :   11
 GAUSS POINT   DEGREES    OF    FREEDOM     BENDING MOMENT   BENDING MOMENT    BENDING MOMENT
   NUMBER         X                Y                X                Y                 XY 
    1       1.10566e+00       1.10566e+00      -1.41741e+05      -1.41741e+05       5.16393e+03
    2       1.10566e+00       1.39434e+00      -9.62239e+04      -6.00000e+04       9.75550e+03
    3       1.39434e+00       1.10566e+00      -6.00000e+04      -9.62239e+04       9.75550e+03
    4       1.39434e+00       1.39434e+00      -5.74134e+04      -5.74134e+04       1.43471e+04
 ELEMENT NUMBER :   12
 GAUSS POINT   DEGREES    OF    FREEDOM     BENDING MOMENT   BENDING MOMENT    BENDING MOMENT
   NUMBER         X                Y                X                Y                 XY 
    1       1.60566e+00       1.10566e+00      -3.18243e+04      -7.87156e+04       5.80901e+03
    2       1.60566e+00       1.39434e+00      -2.80787e+04      -5.02773e+04       8.98413e+03
    3       1.89434e+00       1.10566e+00      -1.05108e+04      -6.85758e+04      -3.77844e+03
    4       1.89434e+00       1.39434e+00      -2.33876e+04      -4.43604e+04      -6.03323e+02
 ELEMENT NUMBER :   13
 GAUSS POINT   DEGREES    OF    FREEDOM     BENDING MOMENT   BENDING MOMENT    BENDING MOMENT
   NUMBER         X                Y                X                Y                 XY 
    1       1.05662e-01       1.60566e+00       6.81559e+03      -6.61561e+03      -1.79376e+04
    2       1.05662e-01       1.89434e+00       1.15032e+05       1.15032e+05      -4.72368e+04
    3       3.94338e-01       1.60566e+00      -1.87376e+04      -1.87376e+04       1.13616e+04
    4       3.94338e-01       1.89434e+00      -6.61561e+03       6.81559e+03      -1.79376e+04
 ELEMENT NUMBER :   14
 GAUSS POINT   DEGREES    OF    FREEDOM     BENDING MOMENT   BENDING MOMENT    BENDING MOMENT
   NUMBER         X                Y                X                Y                 XY 
    1       6.05662e-01       1.60566e+00      -5.02773e+04      -2.80787e+04      -8.98413e+03
    2       6.05662e-01       1.89434e+00      -4.43604e+04      -2.33876e+04       6.03323e+02
    3       8.94338e-01       1.60566e+00      -7.87156e+04      -3.18243e+04      -5.80901e+03
    4       8.94338e-01       1.89434e+00      -6.85758e+04      -1.05108e+04       3.77844e+03
 ELEMENT NUMBER :   15
 GAUSS POINT   DEGREES    OF    FREEDOM     BENDING MOMENT   BENDING MOMENT    BENDING MOMENT
   NUMBER         X                Y                X                Y                 XY 
    1       1.10566e+00       1.60566e+00      -7.87156e+04      -3.18243e+04       5.80901e+03
    2       1.10566e+00       1.89434e+00      -6.85758e+04      -1.05108e+04      -3.77844e+03
    3       1.39434e+00       1.60566e+00      -5.02773e+04      -2.80787e+04       8.98413e+03
    4       1.39434e+00       1.89434e+00      -4.43604e+04      -2.33876e+04      -6.03323e+02
 ELEMENT NUMBER :   16
 GAUSS POINT   DEGREES    OF    FREEDOM     BENDING MOMENT   BENDING MOMENT    BENDING MOMENT
   NUMBER         X                Y                X                Y                 XY 
    1       1.60566e+00       1.60566e+00      -1.87376e+04      -1.87376e+04      -1.13616e+04
    2       1.60566e+00       1.89434e+00      -6.61561e+03       6.81559e+03       1.79376e+04
    3       1.89434e+00       1.60566e+00       6.81559e+03      -6.61561e+03       1.79376e+04
    4       1.89434e+00       1.89434e+00       1.15032e+05       1.15032e+05       4.72368e+04

 S O L U T I O N   T I M E   L O G   I N   S E C 

     TIME FOR INPUT PHASE = 4.71000e-01
     TIME FOR CALCULATION OF STIFFNESS MATRIX = 6.00000e-03
     TIME FOR FACTORIZATION AND LOAD CASE SOLUTIONS = 4.86000e-01

     T O T A L   S O L U T I O N   T I M E = 9.63000e-01
