TITLE : Cables to test STAP90
        (12:45:49 on March 25, 2019, Monday)

C O N T R O L   I N F O R M A T I O N

      NUMBER OF NODAL POINTS . . . . . . . . . . (NUMNP)  =    12
      NUMBER OF ELEMENT GROUPS . . . . . . . . . (NUMEG)  =     1
      NUMBER OF LOAD CASES . . . . . . . . . . . (NLCASE) =     1
      SOLUTION MODE  . . . . . . . . . . . . . . (MODEX)  =     1
         EQ.0, DATA CHECK
         EQ.1, EXECUTION

 N O D A L   P O I N T   D A T A

    NODE       BOUNDARY                         NODAL POINT
   NUMBER  CONDITION  CODES                     COORDINATES
        1    1    1    1       0.00000e+00    0.00000e+00    0.00000e+00
        2    1    1    1       1.50000e+01    0.00000e+00    0.00000e+00
        3    0    0    1       3.00000e+00    0.00000e+00    0.00000e+00
        4    0    0    1       6.00000e+00    0.00000e+00    0.00000e+00
        5    0    0    1       9.00000e+00    0.00000e+00    0.00000e+00
        6    0    0    1       1.20000e+01    0.00000e+00    0.00000e+00
        7    0    0    1       0.00000e+00    4.00000e+00    0.00000e+00
        8    0    0    1       3.00000e+00    4.00000e+00    0.00000e+00
        9    0    0    1       6.00000e+00    4.00000e+00    0.00000e+00
       10    0    0    1       9.00000e+00    4.00000e+00    0.00000e+00
       11    0    0    1       1.20000e+01    4.00000e+00    0.00000e+00
       12    0    0    1       1.50000e+01    4.00000e+00    0.00000e+00

 EQUATION NUMBERS

   NODE NUMBER   DEGREES OF FREEDOM
        N           X    Y    Z
        1           0    0    0
        2           0    0    0
        3           1    2    0
        4           3    4    0
        5           5    6    0
        6           7    8    0
        7           9   10    0
        8          11   12    0
        9          13   14    0
       10          15   16    0
       11          17   18    0
       12          19   20    0

 L O A D   C A S E   D A T A

     LOAD CASE NUMBER . . . . . . . =     1
     NUMBER OF CONCENTRATED LOADS . =     1

    NODE       DIRECTION      LOAD
   NUMBER                   MAGNITUDE
      4            2       -7.00000e+03

 E L E M E N T   G R O U P   D A T A


 E L E M E N T   D E F I N I T I O N

 ELEMENT TYPE  . . . . . . . . . . . . .( NPAR(1) ) . . =    1
     EQ.1, TRUSS ELEMENTS
     EQ.2, ELEMENTS CURRENTLY
     EQ.3, NOT AVAILABLE

 NUMBER OF ELEMENTS. . . . . . . . . . .( NPAR(2) ) . . =   22

 M A T E R I A L   D E F I N I T I O N

 NUMBER OF DIFFERENT SETS OF MATERIAL
 AND CROSS-SECTIONAL  CONSTANTS  . . . .( NPAR(3) ) . . =    1

  SET       YOUNG'S     CROSS-SECTIONAL
 NUMBER     MODULUS          AREA
               E              A
    1     1.50000e+11     1.00000e-027.85000e+03


 E L E M E N T   I N F O R M A T I O N
 ELEMENT     NODE     NODE       MATERIAL
 NUMBER-N      I        J       SET NUMBER
    1          1        3           1
    2          3        4           1
    3          4        5           1
    4          5        6           1
    5          6        2           1
    6          1        7           1
    7          3        7           1
    8          3        8           1
    9          4        8           1
   10          4        9           1
   11          4       10           1
   12          5        9           1
   13          5       10           1
   14          5       11           1
   15          6       11           1
   16          6       12           1
   17          2       12           1
   18          7        8           1
   19          8        9           1
   20          9       10           1
   21         10       11           1
   22         11       12           1

*** _Debug_ *** Column Heights
       0       1       2       3       2       3       2       3       8       9      10      11      10      11      12      13      12      13      12      13

*** _Debug_ *** Address of Diagonal Element
       1       2       4       7      11      14      18      21      25      34      44      55      67      78      90     103     117     130     144     157     171

	TOTAL SYSTEM DATA

     NUMBER OF EQUATIONS . . . . . . . . . . . . . .(NEQ) = 20
     NUMBER OF MATRIX ELEMENTS . . . . . . . . . . .(NWK) = 170
     MAXIMUM HALF BANDWIDTH  . . . . . . . . . . . .(MK ) = 14
     MEAN HALF BANDWIDTH . . . . . . . . . . . . . .(MM ) = 8


*** _Debug_ *** Banded stiffness matrix
   1.10800e+09   5.67000e+08  -1.44000e+08   1.21600e+09   0.00000e+00  -5.00000e+08
   7.59000e+08   0.00000e+00   0.00000e+00   0.00000e+00   1.21600e+09   0.00000e+00
  -5.00000e+08   7.59000e+08   0.00000e+00   0.00000e+00   0.00000e+00   1.10800e+09
   0.00000e+00  -5.00000e+08   5.67000e+08   1.44000e+08   0.00000e+00   0.00000e+00
   6.08000e+08   0.00000e+00   0.00000e+00   0.00000e+00   0.00000e+00   0.00000e+00
   0.00000e+00   1.44000e+08  -1.08000e+08   5.67000e+08  -1.44000e+08   0.00000e+00
   0.00000e+00   0.00000e+00   0.00000e+00   0.00000e+00   0.00000e+00  -1.92000e+08
   1.44000e+08   1.10800e+09   0.00000e+00  -5.00000e+08   0.00000e+00   0.00000e+00
   0.00000e+00   0.00000e+00   1.44000e+08  -1.08000e+08   0.00000e+00   0.00000e+00
   5.67000e+08  -1.44000e+08   0.00000e+00   0.00000e+00   0.00000e+00   0.00000e+00
   0.00000e+00   0.00000e+00  -1.92000e+08   1.44000e+08  -3.75000e+08   0.00000e+00
   1.10800e+09   0.00000e+00  -5.00000e+08   0.00000e+00   0.00000e+00   0.00000e+00
   0.00000e+00   1.44000e+08  -1.08000e+08   0.00000e+00   0.00000e+00   5.67000e+08
  -1.44000e+08   0.00000e+00   0.00000e+00   0.00000e+00   0.00000e+00   0.00000e+00
   0.00000e+00  -1.92000e+08   1.44000e+08  -3.75000e+08   0.00000e+00   1.10800e+09
   0.00000e+00  -5.00000e+08   0.00000e+00   0.00000e+00   0.00000e+00   0.00000e+00
   0.00000e+00   0.00000e+00   0.00000e+00   0.00000e+00  -1.44000e+08  -1.08000e+08
   5.67000e+08   1.44000e+08   0.00000e+00   0.00000e+00   0.00000e+00   0.00000e+00
   0.00000e+00   0.00000e+00   0.00000e+00   0.00000e+00  -3.75000e+08   0.00000e+00
  -1.92000e+08  -1.44000e+08   1.10800e+09   0.00000e+00  -5.00000e+08   0.00000e+00
   0.00000e+00   0.00000e+00   0.00000e+00   0.00000e+00   0.00000e+00   0.00000e+00
   0.00000e+00  -1.44000e+08  -1.08000e+08   5.67000e+08   1.44000e+08   0.00000e+00
   0.00000e+00   0.00000e+00   0.00000e+00   0.00000e+00   0.00000e+00   0.00000e+00
   0.00000e+00  -3.75000e+08   0.00000e+00  -1.92000e+08  -1.44000e+08   6.08000e+08
   0.00000e+00  -5.00000e+08   0.00000e+00   0.00000e+00   0.00000e+00   0.00000e+00
   0.00000e+00   0.00000e+00   0.00000e+00   0.00000e+00  -1.44000e+08  -1.08000e+08
   5.67000e+08   1.44000e+08   0.00000e+00   0.00000e+00   0.00000e+00   0.00000e+00
   0.00000e+00   0.00000e+00   0.00000e+00   0.00000e+00   0.00000e+00   0.00000e+00
  -1.92000e+08  -1.44000e+08

*** _Debug_ *** Full stiffness matrix
   1.10800e+09  -1.44000e+08  -5.00000e+08   0.00000e+00   0.00000e+00   0.00000e+00   0.00000e+00   0.00000e+00  -1.08000e+08   1.44000e+08   0.00000e+00   0.00000e+00   0.00000e+00   0.00000e+00   0.00000e+00   0.00000e+00   0.00000e+00   0.00000e+00   0.00000e+00   0.00000e+00
  -1.44000e+08   5.67000e+08   0.00000e+00   0.00000e+00   0.00000e+00   0.00000e+00   0.00000e+00   0.00000e+00   1.44000e+08  -1.92000e+08   0.00000e+00  -3.75000e+08   0.00000e+00   0.00000e+00   0.00000e+00   0.00000e+00   0.00000e+00   0.00000e+00   0.00000e+00   0.00000e+00
  -5.00000e+08   0.00000e+00   1.21600e+09   0.00000e+00  -5.00000e+08   0.00000e+00   0.00000e+00   0.00000e+00   0.00000e+00   0.00000e+00  -1.08000e+08   1.44000e+08   0.00000e+00   0.00000e+00  -1.08000e+08  -1.44000e+08   0.00000e+00   0.00000e+00   0.00000e+00   0.00000e+00
   0.00000e+00   0.00000e+00   0.00000e+00   7.59000e+08   0.00000e+00   0.00000e+00   0.00000e+00   0.00000e+00   0.00000e+00   0.00000e+00   1.44000e+08  -1.92000e+08   0.00000e+00  -3.75000e+08  -1.44000e+08  -1.92000e+08   0.00000e+00   0.00000e+00   0.00000e+00   0.00000e+00
   0.00000e+00   7.59000e+08  -5.00000e+08   0.00000e+00   1.21600e+09   0.00000e+00  -5.00000e+08   0.00000e+00   0.00000e+00   0.00000e+00   0.00000e+00   0.00000e+00  -1.08000e+08   1.44000e+08   0.00000e+00   0.00000e+00  -1.08000e+08  -1.44000e+08   0.00000e+00   0.00000e+00
   0.00000e+00   1.10800e+09   0.00000e+00   0.00000e+00   0.00000e+00   7.59000e+08   0.00000e+00   0.00000e+00   0.00000e+00   0.00000e+00   0.00000e+00   0.00000e+00   1.44000e+08  -1.92000e+08   0.00000e+00  -3.75000e+08  -1.44000e+08  -1.92000e+08   0.00000e+00   0.00000e+00
   0.00000e+00   0.00000e+00   1.44000e+08   5.67000e+08  -5.00000e+08   0.00000e+00   1.10800e+09   1.44000e+08   0.00000e+00   0.00000e+00   0.00000e+00   0.00000e+00   0.00000e+00   0.00000e+00   0.00000e+00   0.00000e+00   0.00000e+00   0.00000e+00  -1.08000e+08  -1.44000e+08
   0.00000e+00   0.00000e+00   0.00000e+00   6.08000e+08   0.00000e+00   0.00000e+00   1.44000e+08   5.67000e+08   0.00000e+00   0.00000e+00   0.00000e+00   0.00000e+00   0.00000e+00   0.00000e+00   0.00000e+00   0.00000e+00   0.00000e+00  -3.75000e+08  -1.44000e+08  -1.92000e+08
  -1.08000e+08   1.44000e+08   0.00000e+00   0.00000e+00   0.00000e+00   0.00000e+00   0.00000e+00   0.00000e+00   6.08000e+08  -1.44000e+08  -5.00000e+08   0.00000e+00   0.00000e+00   0.00000e+00   0.00000e+00   0.00000e+00   0.00000e+00   0.00000e+00   0.00000e+00   0.00000e+00
   1.44000e+08  -1.92000e+08   0.00000e+00   0.00000e+00   0.00000e+00   0.00000e+00   0.00000e+00   0.00000e+00  -1.44000e+08   5.67000e+08   0.00000e+00   0.00000e+00   0.00000e+00   0.00000e+00   0.00000e+00   0.00000e+00   0.00000e+00   0.00000e+00   0.00000e+00   0.00000e+00
   0.00000e+00   0.00000e+00  -1.08000e+08   1.44000e+08   0.00000e+00   0.00000e+00   0.00000e+00   0.00000e+00  -5.00000e+08   0.00000e+00   1.10800e+09  -1.44000e+08  -5.00000e+08   0.00000e+00   0.00000e+00   0.00000e+00   0.00000e+00   0.00000e+00   0.00000e+00   0.00000e+00
   0.00000e+00  -3.75000e+08   1.44000e+08  -1.92000e+08   0.00000e+00   0.00000e+00   0.00000e+00   0.00000e+00   0.00000e+00   0.00000e+00  -1.44000e+08   5.67000e+08   0.00000e+00   0.00000e+00   0.00000e+00   0.00000e+00   0.00000e+00   0.00000e+00   0.00000e+00   0.00000e+00
  -1.44000e+08   5.67000e+08   0.00000e+00   0.00000e+00  -1.08000e+08   1.44000e+08   0.00000e+00   0.00000e+00   0.00000e+00   0.00000e+00  -5.00000e+08   0.00000e+00   1.10800e+09  -1.44000e+08  -5.00000e+08   0.00000e+00   0.00000e+00   0.00000e+00   0.00000e+00   0.00000e+00
   0.00000e+00   1.10800e+09   0.00000e+00  -3.75000e+08   1.44000e+08  -1.92000e+08   0.00000e+00   0.00000e+00   0.00000e+00   0.00000e+00   0.00000e+00   0.00000e+00  -1.44000e+08   5.67000e+08   0.00000e+00   0.00000e+00   0.00000e+00   0.00000e+00   0.00000e+00   0.00000e+00
   1.44000e+08   5.67000e+08  -1.08000e+08  -1.44000e+08   0.00000e+00   0.00000e+00   0.00000e+00   0.00000e+00   0.00000e+00   0.00000e+00   0.00000e+00   0.00000e+00  -5.00000e+08   0.00000e+00   1.10800e+09   1.44000e+08  -5.00000e+08   0.00000e+00   0.00000e+00   0.00000e+00
   0.00000e+00   1.10800e+09  -1.44000e+08  -1.92000e+08   0.00000e+00  -3.75000e+08   0.00000e+00   0.00000e+00   0.00000e+00   0.00000e+00   0.00000e+00   0.00000e+00   0.00000e+00   0.00000e+00   1.44000e+08   5.67000e+08   0.00000e+00   0.00000e+00   0.00000e+00   0.00000e+00
   0.00000e+00   0.00000e+00   1.44000e+08   5.67000e+08  -1.08000e+08  -1.44000e+08   0.00000e+00   0.00000e+00   0.00000e+00   0.00000e+00   0.00000e+00   0.00000e+00   0.00000e+00   0.00000e+00  -5.00000e+08   0.00000e+00   1.10800e+09   1.44000e+08  -5.00000e+08   0.00000e+00
   0.00000e+00  -5.00000e+08   0.00000e+00   6.08000e+08  -1.44000e+08  -1.92000e+08   0.00000e+00  -3.75000e+08   0.00000e+00   0.00000e+00   0.00000e+00   0.00000e+00   0.00000e+00   0.00000e+00   0.00000e+00   0.00000e+00   1.44000e+08   5.67000e+08   0.00000e+00   0.00000e+00
   0.00000e+00   0.00000e+00   0.00000e+00   0.00000e+00   1.44000e+08   5.67000e+08  -1.08000e+08  -1.44000e+08   0.00000e+00   0.00000e+00   0.00000e+00   0.00000e+00   0.00000e+00   0.00000e+00   0.00000e+00   0.00000e+00  -5.00000e+08   0.00000e+00   6.08000e+08   1.44000e+08
   0.00000e+00   0.00000e+00   0.00000e+00  9.59585e-303  1.36752e-310  2.10535e-314  -1.44000e+08  -1.92000e+08   0.00000e+00   0.00000e+00   0.00000e+00   0.00000e+00   0.00000e+00   0.00000e+00   0.00000e+00   0.00000e+00   0.00000e+00   0.00000e+00   1.44000e+08   5.67000e+08

*** _Debug_ *** Banded stiffness matrix
   1.10800e+09   5.48285e+08  -1.29964e-01   9.82667e+08  -1.18519e-01  -4.51264e-01
   7.59000e+08   0.00000e+00   0.00000e+00   0.00000e+00   9.61590e+08   0.00000e+00
  -5.08820e-01   7.59000e+08   0.00000e+00   0.00000e+00   0.00000e+00   8.48014e+08
   0.00000e+00  -5.19972e-01   5.42548e+08   1.69809e-01   0.00000e+00   0.00000e+00
   5.65141e+08   2.76022e-03  -1.03997e-02   0.00000e+00  -1.76381e-02   0.00000e+00
  -3.39213e-02   2.37037e-01  -9.74729e-02   4.77458e+08  -1.53687e-01  -3.68030e-03
   1.38662e-02   0.00000e+00   2.35175e-02   0.00000e+00   4.52284e-02  -3.16049e-01
   1.29964e-01   6.02944e+08  -1.48729e-01  -8.93482e-01   8.94312e-03  -3.36949e-02
   0.00000e+00  -5.71475e-02   1.89723e-01  -1.09905e-01   0.00000e+00   0.00000e+00
   2.06342e+08  -4.26439e-02  -2.30875e-01   1.65349e-01  -8.24387e-03   3.10603e-02
   0.00000e+00   5.26792e-02  -2.52964e-01   1.01312e-01  -6.83951e-01   0.00000e+00
   6.32490e+08  -6.36485e-02  -8.45776e-01   6.21439e-03  -4.45066e-03   1.75762e-02
  -6.62218e-02   1.89723e-01  -1.12314e-01   0.00000e+00   0.00000e+00   2.40928e+08
  -3.37042e-02  -4.97939e-01   1.40013e-01  -8.28586e-03   5.93422e-03  -2.34350e-02
   8.82957e-02  -2.52964e-01   1.49752e-01  -4.94071e-01   0.00000e+00   6.30873e+08
  -3.64349e-01  -7.95063e-01  -9.28967e-02   1.28608e-02   1.22134e-02  -8.74704e-03
   8.94312e-03  -3.36949e-02   0.00000e+00  -5.71475e-02  -1.89723e-01  -1.09905e-01
   1.41236e+08   1.09270e-01  -7.76317e-01   1.06437e-01  -1.23862e-01   1.71478e-02
   1.62845e-02  -1.16627e-02   1.19242e-02  -4.49266e-02  -4.94071e-01  -7.61967e-02
  -2.52964e-01  -1.46540e-01   6.46825e+08  -2.34220e-01  -8.05356e-01  -3.92116e-02
   5.33654e-03   3.96846e-02  -1.65114e-02   6.21439e-03  -4.45066e-03   1.75762e-02
  -6.62218e-02  -1.89723e-01  -1.12314e-01   1.32591e+08   9.18781e-02  -8.71379e-01
  -6.07218e-03  -9.67925e-02   2.26948e-02   3.65817e-02  -1.52204e-02   5.72849e-03
  -4.10267e-03  -6.67749e-01  -8.82957e-02  -2.52964e-01  -1.49752e-01   1.52469e+08
  -3.16912e-01  -7.85167e-01   3.24790e-02  -8.24942e-03   3.33828e-02  -1.16846e-02
   1.22483e-02  -5.09611e-03   1.91802e-03  -1.37366e-03  -2.31612e-01  -1.27356e-01
   3.75000e+08   2.66667e-01  -8.84510e-01  -1.62138e-02   4.33053e-02  -1.09992e-02
   4.45104e-02  -1.55794e-02   1.63311e-02  -6.79482e-03   2.55736e-03  -1.83155e-03
  -3.08816e-01  -1.69809e-01

*** _Debug_ *** Full stiffness matrix
   1.10800e+09  -1.29964e-01  -4.51264e-01   0.00000e+00   0.00000e+00   0.00000e+00   0.00000e+00   0.00000e+00  -9.74729e-02   1.29964e-01   0.00000e+00   0.00000e+00   0.00000e+00   0.00000e+00   0.00000e+00   0.00000e+00   0.00000e+00   0.00000e+00   0.00000e+00   0.00000e+00
  -1.29964e-01   5.48285e+08  -1.18519e-01   0.00000e+00   0.00000e+00   0.00000e+00   0.00000e+00   0.00000e+00   2.37037e-01  -3.16049e-01   0.00000e+00  -6.83951e-01   0.00000e+00   0.00000e+00   0.00000e+00   0.00000e+00   0.00000e+00   0.00000e+00   0.00000e+00   0.00000e+00
  -4.51264e-01  -1.18519e-01   9.82667e+08   0.00000e+00  -5.08820e-01   0.00000e+00   0.00000e+00   0.00000e+00  -3.39213e-02   4.52284e-02  -1.09905e-01   1.01312e-01   0.00000e+00   0.00000e+00  -1.09905e-01  -1.46540e-01   0.00000e+00   0.00000e+00   0.00000e+00   0.00000e+00
   0.00000e+00   0.00000e+00   0.00000e+00   7.59000e+08   0.00000e+00   0.00000e+00   0.00000e+00   0.00000e+00   0.00000e+00   0.00000e+00   1.89723e-01  -2.52964e-01   0.00000e+00  -4.94071e-01  -1.89723e-01  -2.52964e-01   0.00000e+00   0.00000e+00   0.00000e+00   0.00000e+00
   0.00000e+00   7.59000e+08  -5.08820e-01   0.00000e+00   9.61590e+08   0.00000e+00  -5.19972e-01   0.00000e+00  -1.76381e-02   2.35175e-02  -5.71475e-02   5.26792e-02  -1.12314e-01   1.49752e-01  -5.71475e-02  -7.61967e-02  -1.12314e-01  -1.49752e-01   0.00000e+00   0.00000e+00
   0.00000e+00   8.48014e+08   0.00000e+00   0.00000e+00   0.00000e+00   7.59000e+08   0.00000e+00   0.00000e+00   0.00000e+00   0.00000e+00   0.00000e+00   0.00000e+00   1.89723e-01  -2.52964e-01   0.00000e+00  -4.94071e-01  -1.89723e-01  -2.52964e-01   0.00000e+00   0.00000e+00
   0.00000e+00   0.00000e+00   1.69809e-01   5.42548e+08  -5.19972e-01   0.00000e+00   8.48014e+08   1.69809e-01  -1.03997e-02   1.38662e-02  -3.36949e-02   3.10603e-02  -6.62218e-02   8.82957e-02  -3.36949e-02  -4.49266e-02  -6.62218e-02  -8.82957e-02  -1.27356e-01  -1.69809e-01
   0.00000e+00  -1.03997e-02   2.76022e-03   5.65141e+08   0.00000e+00   0.00000e+00   1.69809e-01   5.42548e+08   2.76022e-03  -3.68030e-03   8.94312e-03  -8.24387e-03   1.75762e-02  -2.34350e-02   8.94312e-03   1.19242e-02   1.75762e-02  -6.67749e-01  -2.31612e-01  -3.08816e-01
  -9.74729e-02   2.37037e-01  -3.39213e-02   0.00000e+00  -1.76381e-02   0.00000e+00  -1.03997e-02   2.76022e-03   5.65141e+08  -1.53687e-01  -8.93482e-01   1.65349e-01  -4.45066e-03   5.93422e-03  -8.74704e-03  -1.16627e-02  -4.45066e-03  -4.10267e-03  -1.37366e-03  -1.83155e-03
   1.29964e-01  -3.16049e-01   4.52284e-02   0.00000e+00   2.35175e-02   0.00000e+00   1.38662e-02  -3.68030e-03  -1.53687e-01   4.77458e+08  -1.48729e-01  -2.30875e-01   6.21439e-03  -8.28586e-03   1.22134e-02   1.62845e-02   6.21439e-03   5.72849e-03   1.91802e-03   2.55736e-03
   0.00000e+00   0.00000e+00  -1.09905e-01   1.89723e-01  -5.71475e-02   0.00000e+00  -3.36949e-02   8.94312e-03  -8.93482e-01  -1.48729e-01   6.02944e+08  -4.26439e-02  -8.45776e-01   1.40013e-01   1.28608e-02   1.71478e-02  -1.65114e-02  -1.52204e-02  -5.09611e-03  -6.79482e-03
   0.00000e+00  -6.83951e-01   1.01312e-01  -2.52964e-01   5.26792e-02   0.00000e+00   3.10603e-02  -8.24387e-03   1.65349e-01  -2.30875e-01  -4.26439e-02   2.06342e+08  -6.36485e-02  -4.97939e-01  -9.28967e-02  -1.23862e-01   3.96846e-02   3.65817e-02   1.22483e-02   1.63311e-02
  -3.37042e-02   2.40928e+08   0.00000e+00   0.00000e+00  -1.12314e-01   1.89723e-01  -6.62218e-02   1.75762e-02  -4.45066e-03   6.21439e-03  -8.45776e-01  -6.36485e-02   6.32490e+08  -3.37042e-02  -7.95063e-01   1.06437e-01   5.33654e-03   2.26948e-02  -1.16846e-02  -1.55794e-02
  -3.64349e-01   6.30873e+08   0.00000e+00  -4.94071e-01   1.49752e-01  -2.52964e-01   8.82957e-02  -2.34350e-02   5.93422e-03  -8.28586e-03   1.40013e-01  -4.97939e-01  -3.37042e-02   2.40928e+08  -3.64349e-01  -7.76317e-01  -3.92116e-02  -9.67925e-02   3.33828e-02   4.45104e-02
   1.09270e-01   1.41236e+08  -1.09905e-01  -1.89723e-01  -5.71475e-02   0.00000e+00  -3.36949e-02   8.94312e-03  -8.74704e-03   1.22134e-02   1.28608e-02  -9.28967e-02  -7.95063e-01  -3.64349e-01   6.30873e+08   1.09270e-01  -8.05356e-01  -6.07218e-03  -8.24942e-03  -1.09992e-02
  -2.34220e-01   6.46825e+08  -1.46540e-01  -2.52964e-01  -7.61967e-02  -4.94071e-01  -4.49266e-02   1.19242e-02  -1.16627e-02   1.62845e-02   1.71478e-02  -1.23862e-01   1.06437e-01  -7.76317e-01   1.09270e-01   1.41236e+08  -2.34220e-01  -8.71379e-01   3.24790e-02   4.33053e-02
  -6.07218e-03  -8.71379e-01   9.18781e-02   1.32591e+08  -1.12314e-01  -1.89723e-01  -6.62218e-02   1.75762e-02  -4.45066e-03   6.21439e-03  -1.65114e-02   3.96846e-02   5.33654e-03  -3.92116e-02  -8.05356e-01  -2.34220e-01   6.46825e+08   9.18781e-02  -7.85167e-01  -1.62138e-02
   3.24790e-02  -7.85167e-01  -3.16912e-01   1.52469e+08  -1.49752e-01  -2.52964e-01  -8.82957e-02  -6.67749e-01  -4.10267e-03   5.72849e-03  -1.52204e-02   3.65817e-02   2.26948e-02  -9.67925e-02  -6.07218e-03  -8.71379e-01   9.18781e-02   1.32591e+08  -3.16912e-01  -8.84510e-01
  -1.09992e-02   4.33053e-02  -1.62138e-02  -8.84510e-01   2.66667e-01   3.75000e+08  -1.27356e-01  -2.31612e-01  -1.37366e-03   1.91802e-03  -5.09611e-03   1.22483e-02  -1.16846e-02   3.33828e-02  -8.24942e-03   3.24790e-02  -7.85167e-01  -3.16912e-01   1.52469e+08   2.66667e-01
   0.00000e+00   0.00000e+00   0.00000e+00  9.59585e-303  1.36752e-310  2.10535e-314  -1.69809e-01  -3.08816e-01  -1.83155e-03   2.55736e-03  -6.79482e-03   1.63311e-02  -1.55794e-02   4.45104e-02  -1.09992e-02   4.33053e-02  -1.62138e-02  -8.84510e-01   2.66667e-01   3.75000e+08

*** _Debug_ *** Displacement vector
  Load case = 0
  -3.16493e-05  -3.72152e-04  -1.94953e-05  -6.14540e-04   2.15953e-05
  -5.99420e-04   3.16493e-05  -3.63017e-04   1.41518e-04  -9.01815e-05   9.77150e-05
  -4.34639e-04   2.74175e-05  -6.18117e-04  -3.62375e-05  -6.10464e-04  -1.02335e-04
  -4.21771e-04  -1.44038e-04  -8.64481e-05

 LOAD CASE    1


 D I S P L A C E M E N T S

  NODE           X-DISPLACEMENT    Y-DISPLACEMENT    Z-DISPLACEMENT
    1               0.00000e+00       0.00000e+00       0.00000e+00
    2               0.00000e+00       0.00000e+00       0.00000e+00
    3              -3.16493e-05      -3.72152e-04       0.00000e+00
    4              -1.94953e-05      -6.14540e-04       0.00000e+00
    5               2.15953e-05      -5.99420e-04       0.00000e+00
    6               3.16493e-05      -3.63017e-04       0.00000e+00
    7               1.41518e-04      -9.01815e-05       0.00000e+00
    8               9.77150e-05      -4.34639e-04       0.00000e+00
    9               2.74175e-05      -6.18117e-04       0.00000e+00
   10              -3.62375e-05      -6.10464e-04       0.00000e+00
   11              -1.02335e-04      -4.21771e-04       0.00000e+00
   12              -1.44038e-04      -8.64481e-05       0.00000e+00

 S T R E S S  C A L C U L A T I O N S  F O R  E L E M E N T  G R O U P    1

  ELEMENT             FORCE            STRESS
  NUMBER
    1          -1.58247e+04      -1.58247e+06
    2           6.07702e+03       6.07702e+05
    3           2.05453e+04       2.05453e+06
    4           5.02702e+03       5.02702e+05
    5          -1.58247e+04      -1.58247e+06
    6          -3.38180e+04      -3.38180e+06
    7           3.65028e+04       3.65028e+06
    8          -2.34325e+04      -2.34325e+06
    9           2.20784e+04       2.20784e+06
   10          -1.34147e+03      -1.34147e+05
   11          -2.03535e+03      -2.03535e+05
   12          -5.53535e+03      -5.53535e+05
   13          -4.14147e+03      -4.14147e+05
   14           2.03284e+04       2.03284e+06
   15          -2.20325e+04      -2.20325e+06
   16           3.47528e+04       3.47528e+06
   17          -3.24180e+04      -3.24180e+06
   18          -2.19017e+04      -2.19017e+06
   19          -3.51487e+04      -3.51487e+06
   20          -3.18275e+04      -3.18275e+06
   21          -3.30487e+04      -3.30487e+06
   22          -2.08517e+04      -2.08517e+06


 S O L U T I O N   T I M E   L O G   I N   S E C 

     TIME FOR INPUT PHASE = 2.76000e-01
     TIME FOR CALCULATION OF STIFFNESS MATRIX = 5.77000e-01
     TIME FOR FACTORIZATION AND LOAD CASE SOLUTIONS = 6.37000e-01

     T O T A L   S O L U T I O N   T I M E = 1.55400e+00
